Sample	RESPONSE	Sex	PC1	PC2	PC3
NA06984	0	1	158123	391066	139324
NA06989	1	1	158886	387969	146544
NA12335	0	1	159503	386152	140885
NA12336	1	0	15932	394566	165506
NA12340	0	1	162778	384813	158356
NA12341	1	1	157514	38685	14146
NA12342	0	0	160779	385331	146468
NA12343	1	1	16066	381396	15113
NA10846	0	0	163522	38864	154796
NA10847	1	1	160098	384987	16131
NA12144	0	1	161062	386323	160318
NA12145	1	1	158162	379321	143066
NA12146	0	1	160035	376074	141096
NA12239	1	0	15621	388901	153533
NA06994	0	0	161729	38705	162234
NA07000	1	0	155207	381759	130969
NA07022	0	0	157664	394998	149512
NA07029	0	1	16024	388515	146051
NA07056	1	0	15781	382967	152335
NA06985	1	1	160289	371867	142718
NA06991	1	1	158797	390169	154523
NA06993	0	0	15948	384713	155705
NA07055	1	0	16085	387584	15753
NA10850	1	0	160862	383399	151664
NA12056	0	1	160723	388598	147308
NA12057	1	1	161483	395545	173684
NA07345	1	1	165554	379275	170741
NA07346	1	1	157883	384952	129389
NA07347	0	1	157497	385055	137436
NA07348	1	1	159261	383187	13692
NA07349	0	1	162913	39919	165107
NA07357	0	1	162617	382715	163666
NA10852	1	0	157454	391357	151353
NA12043	0	1	156954	383668	142068
NA12044	1	1	164046	384821	134948
NA12045	0	0	157083	385882	137985
NA10859	1	0	159321	384904	155943
NA11881	0	0	161072	38602	148187
NA11882	1	0	160313	390376	152389
NA10853	0	0	164707	3952	138609
NA10854	1	1	16055	391002	167408
NA11839	0	1	159529	392491	149859
NA11840	1	0	156422	393036	149113
NA11843	0	0	159571	386073	149819
NA10855	1	0	163992	391573	146896
NA10856	0	0	165753	381168	149236
NA11829	0	0	162239	389166	159421
NA11830	1	0	158588	389794	143739
NA11831	0	1	160111	389656	159429
NA11832	1	0	-174059	-233837	125064
NA12375	0	1	-283471	161808	104731
NA12376	1	1	-292507	-206783	125422
NA12383	1	1	-290915	292854	114195
NA12489	1	1	-299767	261904	103943
NA12546	0	1	-300978	393676	682609
NA12386	1	1	-312326	-214705	864152
NA12399	0	0	-200891	694443	886334
NA12400	1	1	-319718	-909559	42653
NA12413	0	0	-318648	-17924	945569
NA12707	0	1	166737	124529	178552
NA12708	1	0	158785	164262	143039
NA12716	0	0	196575	-143758	205083
NA12718	1	0	210424	-305317	194876
NA10861	1	0	154267	166227	153488
NA11992	0	1	145673	187795	13027
NA11993	1	0	-231575	541992	963402
NA11994	0	1	-231236	585555	955491
NA11995	1	0	-230414	545093	996226
NA10863	1	0	-245303	537024	866157
NA12234	1	0	-287096	166518	800951
NA12264	0	0	-267811	273741	915754
NA10864	1	1	-283918	10003	98827
NA10865	0	1	-328419	-224686	537781
NA11891	0	1	-314223	-475592	654462
NA11892	1	1	-278586	165555	744924
NA11893	0	1	-319576	-140583	887347
NA11894	1	1	-313302	-139126	797037
NA10830	0	0	-320717	-121305	81923
NA10831	1	1	-218901	696089	912723
NA12154	0	0	-283635	197258	773309
NA12155	0	0	-32117	-148687	665597
NA12156	1	0	-329751	-177203	852647
NA10835	0	0	-324509	-143114	895333
NA12248	0	0	-146058	682696	151444
NA12249	1	1	-248611	953906	128333
NA10836	1	1	-239963	562624	922206
NA10837	0	0	-312775	-119107	797182
NA12272	0	0	-256957	332187	106422
NA12273	1	0	-174904	949341	103605
NA12275	1	0	-304432	-238626	388277
NA10838	0	0	-236233	594251	821193
NA10839	1	1	-214568	640424	637352
NA12003	0	1	-331052	-210782	451554
NA12005	0	1	-281967	1445	504287
NA12006	1	0	-278644	210194	244552
NA10840	1	0	-296954	480395	342808
NA12282	0	0	-155855	12041	128531
NA12283	1	0	-290915	546376	138599
NA12286	0	0	-233421	501223	824923
NA12287	1	0	-218942	636634	814276
NA10843	1	1	-284773	943843	351709
NA11917	0	1	-299366	-0.059955	475221
NA11918	1	0	-264291	328615	25944
NA11919	0	1	-315464	-135915	366946
NA11920	1	1	-367296	-493852	213184
NA10845	0	0	-235793	415755	615132
NA11930	0	1	-303822	-264776	228697
NA11931	1	0	-310128	-614819	387928
NA12739	0	1	-283003	3.22047	244158
NA12740	1	0	-336694	-403444	192423
NA12748	0	1	-164852	-259227	954344
NA12749	1	0	-249334	364817	791588
NA12750	0	0	-267476	255185	762084
NA12751	1	1	-226876	701766	823434
NA12752	0	0	-204602	513341	886803
NA12753	1	1	-247397	422112	532873
NA12760	0	1	-260706	303235	341714
NA12761	1	1	-293289	-0.018303	251742
NA12762	0	0	-192311	941134	104763
NA12763	1	0	-249677	442779	889378
NA12766	0	0	-180043	948792	86119
NA12767	1	1	-234288	512091	493502
NA12775	0	0	-293649	-114278	32834
NA12776	1	0	-266201	276575	376971
NA12777	0	1	-16692	998509	558586
NA12778	1	0	-226406	530436	373941
NA12801	0	0	-252059	399329	58967
NA12802	1	1	-268975	283343	382527
NA12812	0	1	-285263	-302765	557416
NA12813	1	0	-243454	453699	486588
NA12814	0	0	-291789	9.56358	170608
NA12815	1	1	-236831	597216	750143
NA12817	0	0	-262365	242075	705587
NA12818	1	1	-201824	732243	556098
NA12827	0	0	-309315	-848109	399865
NA12828	1	1	-320655	-216049	386826
NA12829	0	0	-306963	-103126	33754
NA12830	1	0	-246604	441142	665981
NA12832	1	1	-249964	48414	717341
NA12842	0	0	-2185	682419	623214
NA12843	1	1	-231495	498459	604073
NA12864	0	1	-24842	232755	400395
NA12865	1	1	-266752	184225	-322343
NA12872	0	1	-246564	298654	-34262
NA12873	1	0	-25612	215381	-248114
NA12874	0	1	-238423	342352	-404961
NA12875	1	1	-242529	354488	-319645
NA12877	0	1	-235284	365469	-373378
NA12878	1	0	-217897	462532	-353182
NA12889	0	1	-221908	509634	-406095
NA12890	1	1	-232992	441208	-409578
NA12891	0	1	-222867	484635	-340489
NA12892	1	1	-230945	403562	-319514
NA19625	1	0	-250748	281197	-322686
NA19700	0	0	-241877	33005	-324348
NA19701	1	0	-226058	42854	-389689
NA19702	0	1	-224584	374567	-401639
NA19703	0	0	-233986	39714	-443196
NA19704	1	0	-227506	416881	-405313
NA19705	0	0	-234094	323217	-331942
NA19708	1	1	-230806	439944	-464185
NA19711	0	0	-253508	324441	-328475
NA19712	1	0	-24314	277495	-370328
NA19672	1	0	-234344	336333	-365089
NA19737	1	1	-231053	371873	-320045
NA19740	1	0	-246519	290921	-361664
NA19741	0	1	-230588	425447	-449049
NA19764	1	0	-302196	-767	-217739
NA19792	0	0	-239741	374482	-371881
NA19818	0	0	-228022	435417	-395257
NA19819	1	1	-262098	167683	-22987
NA19828	0	1	-226179	361001	-374221
NA19834	0	0	-236307	451094	-452774
NA19835	1	1	-228749	432402	-421874
NA19836	1	0	-247482	286547	-365017
NA19900	0	1	-247485	274404	-270509
NA19901	1	1	-240055	300818	-298904
NA19902	1	1	-255077	176051	-339594
NA19904	0	0	-231994	372914	-375899
NA19908	0	0	-240956	333258	-303328
NA19909	1	0	-249889	297186	-287961
NA19919	0	0	-24252	385614	-310859
NA19914	1	1	-233025	420964	-418648
NA19915	0	1	-237156	359614	-358039
NA19916	0	1	-246154	350235	-409898
NA19917	1	0	-233805	380646	-350545
NA19918	0	1	-234842	363289	-404334
NA19921	1	1	-250479	261208	-324392
NA20129	1	1	-241254	307939	-304452
NA19713	1	1	-245914	22798	-314116
NA19982	0	1	-244379	29856	-308647
NA19983	1	1	-256555	220799	-309857
NA19714	1	1	-227484	434356	-313918
NA19984	0	0	-240994	320162	-314091
NA19985	1	1	-27069	101326	-269099
NA20126	0	1	-238546	327117	-34411
NA20127	1	0	-25263	188121	-330284
NA20128	1	0	-225322	459735	-343992
NA20276	1	1	-240303	319403	-361292
NA20277	1	0	-231962	418776	-365349
NA20279	0	1	-23412	380259	-349759
NA20281	0	1	-226376	443932	-368975
NA20282	1	0	-235659	352592	-362293
NA20284	0	1	-242665	346447	-322599
NA20287	1	1	-237899	361827	-368165
NA20288	0	1	-237983	330587	-352745
NA20289	1	1	-234949	41156	-379054
NA20290	1	0	-22087	407984	-282775
NA20291	0	0	-233939	377829	-349287
NA20292	1	1	-233954	362105	-365486
NA20294	1	1	-233539	454735	-436236
NA20295	0	0	-234471	379665	-327424
NA20297	0	1	-22726	394603	-393165
NA20298	0	0	-239218	396098	-385642
NA20300	1	0	-222195	432275	-390547
NA20301	1	0	-229524	440953	-383059
NA20302	0	0	-222974	414839	-405764
NA20317	1	0	-229634	376904	-30318
NA20319	1	0	-236281	413999	-374269
NA20322	1	0	-231891	361215	-379706
NA20332	1	1	-17669	620715	-314927
NA20333	1	0	-252702	256643	-338068
NA20334	1	1	-246798	267385	-35754
NA20335	0	0	-240839	270123	-334411
NA20336	1	1	-232254	436969	-342493
NA20337	1	1	-249618	232139	-296224
NA20340	0	0	-242411	340145	-336777
NA20341	1	0	-236953	401047	-362314
NA20342	0	0	-223171	463264	-355432
NA20343	0	0	-230602	406783	-383099
NA20344	1	1	-221935	44865	-345452
NA20345	0	1	-24637	302025	-318311
NA20346	0	0	-229474	433168	-34486
NA20347	0	0	-230517	361467	-437328
NA20348	0	0	-239226	292576	-456988
NA20349	0	0	-238898	347729	-388559
NA20350	0	0	-243059	355019	-4083
NA20351	0	0	-2435	273046	-319044
NA20356	0	1	-242177	267345	-390371
NA20357	1	0	-242167	282872	-352414
NA20358	0	1	-260851	118922	-250533
NA20359	1	0	-253169	208939	-316214
NA20360	0	1	-247148	328742	-355527
NA20363	1	1	-244141	346595	-330978
NA20364	1	1	-244398	343873	-36224
NA20412	1	0	-247315	298173	-401501
NA21295	0	1	-237971	352315	-370899
NA21333	1	1	-241405	322867	-39315
NA21297	1	1	-236049	408677	-300863
NA21351	0	1	-218537	483642	-364666
NA21298	0	1	-225423	380452	-325908
NA21300	1	0	-239641	30868	-36872
NA21301	0	0	-25064	271135	-371849
NA21302	1	0	-24367	320786	-505573
NA21303	1	1	-246269	348447	-37242
NA21304	0	0	-233402	420486	-440436
NA21307	0	0	-244353	382044	-316798
NA21308	1	1	-238479	409585	-395597
NA21309	1	1	-230264	318625	-323398
NA21311	0	0	-234273	370583	-334641
NA21363	1	0	-238728	355104	-313716
NA21312	0	0	-203765	518289	-313477
NA21313	0	0	-258522	20889	-330687
NA21362	1	0	-235317	400305	-408527
NA21314	0	1	-240677	349144	-350849
NA21364	1	1	-198341	595375	-31713
NA21316	0	1	-235792	345563	-417704
NA21317	0	1	-212891	467614	-380792
NA21580	1	1	-244363	248708	-289951
NA21318	0	0	-245448	297339	-487813
NA21320	1	0	-260446	219176	-363443
NA21685	0	1	-278746	435327	-192326
NA21336	1	0	-296906	-502389	-230358
NA21339	1	0	-277219	104461	-302518
NA21341	0	0	-238385	376729	-411449
NA21344	0	1	-284495	101483	-238536
NA21365	1	0	-222218	359277	-293878
NA21366	0	0	-220101	424356	-329096
NA21352	0	0	-219922	425208	-391349
NA21353	1	1	-235064	444441	-432969
NA21355	0	1	-236689	334032	-42794
NA21356	0	1	-236031	428084	-330235
NA21357	1	1	-238621	34706	-301711
NA21359	0	1	-241773	378195	-341433
NA21360	1	1	-216423	443267	-364369
NA21361	1	0	-241849	271158	-440709
NA21367	0	1	-196137	631208	-273183
NA21368	1	1	-255865	216826	-314844
NA21370	0	1	-245415	362591	-469014
NA21371	1	0	-256328	285854	-407933
NA21378	0	0	-245708	283075	-333175
NA21379	1	0	-229566	353581	-319446
NA21381	0	0	-245618	310539	-336876
NA21382	1	1	-23692	381162	-375049
NA21383	0	1	-242392	368421	-346723
NA21384	0	1	-244162	240573	-336696
NA21385	1	0	-240322	322175	-388629
NA21386	1	1	-243672	292849	-37701
NA21387	0	1	-240425	340713	-362568
NA21388	1	1	-238957	343261	-410858
NA21389	0	1	-235378	348328	-416319
NA21390	0	0	-249639	27151	-348982
NA21391	1	1	-238069	339006	-383438
NA21399	0	1	-253935	24955	-400551
NA21400	1	1	-240622	380341	-440131
NA21401	0	0	-286702	210358	-241653
NA21402	0	0	-233728	342168	-353256
NA21403	1	1	-261168	217426	-28113
NA21404	1	0	-180582	615771	-31233
NA21405	0	1	-223838	357113	-297125
NA21408	0	1	-270581	167415	-290387
NA21409	1	0	-209833	501951	-335899
NA21414	0	0	-225201	515948	-419936
NA21415	1	0	159141	38091	143994
NA21417	0	0	157733	383232	133917
NA21418	1	0	158304	394597	158099
NA21420	0	0	160998	386676	162019
NA21421	1	0	150631	250542	132433
NA21423	0	1	144	307868	124597
NA21424	1	1	16772	19342	142785
NA21425	1	1	164504	129679	183218
NA21410	0	0	1661	147348	174591
NA21434	1	0	138181	303414	141962
NA21435	0	0	154467	216722	145254
NA21436	1	0	149177	260417	153529
NA21438	1	0	141	229629	146849
NA21439	0	0	149696	232635	154327
NA21447	0	0	153949	227249	169101
NA21440	0	0	162607	906663	192592
NA21441	1	1	154788	139661	17625
NA21442	0	0	169328	757483	181788
NA21448	0	0	166637	206561	173741
NA21450	0	0	167633	137905	185322
NA21451	1	1	17405	132818	20985
NA21453	0	1	165032	115228	184417
NA21454	1	1	170326	134529	206304
NA21455	1	1	129777	249648	132939
NA21457	1	1	137366	344714	138873
NA21473	1	0	13624	296924	134373
NA21519	0	0	171652	763304	185838
NA21475	0	1	177424	131513	169898
NA21476	1	0	17099	11048	188677
NA21477	0	1	173692	228897	152461
NA21478	0	0	167031	136724	208045
NA21479	1	0	169989	180292	191876
NA21480	1	0	16196	568721	17101
NA21485	0	0	164512	911621	183711
NA21486	1	1	163075	494838	189161
NA21487	1	1	167869	843137	158742
NA21488	0	1	172899	793717	178515
NA21489	1	1	15272	151873	173937
NA21490	0	0	174645	417586	209771
NA21491	1	0	168236	106198	212999
NA21582	0	1	16265	125451	179836
NA21493	1	1	144698	101487	194001
NA21494	1	1	155236	14885	199655
NA21522	0	1	156087	195117	162645
NA21520	0	0	194318	727174	191114
NA21521	0	1	176089	135868	185268
NA21523	0	0	190042	279091	201049
NA21524	1	1	177507	109372	184231
NA21525	0	1	187261	551416	199691
NA21526	1	1	167101	149378	156539
NA21527	0	1	15306	214588	145534
NA21583	0	1	164034	191599	165647
NA21528	0	0	177662	252163	185617
NA21529	1	1	152754	106105	151677
NA21509	0	0	161133	554331	184853
NA21510	1	1	196339	483283	200292
NA21512	0	0	19762	-4.09062	197097
NA21513	1	1	165636	855647	164766
NA21514	0	0	161912	573932	194233
NA21515	0	0	168608	69769	18905
NA21613	1	1	152963	15736	155219
NA21517	1	0	163883	115934	172103
NA21573	0	0	160089	149093	174835
NA21574	1	1	178923	252726	207526
NA21575	0	1	174987	815566	180547
NA21576	1	0	170783	542205	192685
NA21577	0	1	16353	174107	156959
NA21578	1	0	15854	123339	183326
NA21584	0	1	162018	151746	17571
NA21587	0	0	133291	123057	163695
NA21596	0	1	139637	130527	173783
NA21597	1	1	128075	140052	172904
NA21599	0	1	151881	207341	15592
NA21600	1	0	158758	189108	168676
NA21601	1	0	150549	190824	159617
NA21608	0	0	154387	129962	155046
NA21614	0	1	202063	208197	198406
NA21615	1	1	174052	83544	181553
NA21616	0	1	174494	426035	163433
NA21617	1	0	150371	126495	161304
NA21619	0	1	163639	893923	17716
NA21620	1	0	155254	216547	147707
NA21622	1	1	154057	124553	161871
NA21611	1	0	161873	163328	175812
NA21631	0	1	846786	291438	-110377
NA21632	1	0	246879	-339904	134692
NA21634	0	0	249722	-347643	-697814
NA21635	1	0	251276	-347142	-820881
NA21636	1	0	246774	-340348	-704407
NA21647	0	1	244034	-337661	-127782
NA21648	0	1	247849	-338465	-10
NA21686	1	0	249473	-329843	589346
NA21650	1	0	248532	-340484	401069
NA21678	0	1	247657	-332627	184441
NA21682	0	1	250376	-345819	7
NA21683	1	0	250239	-331113	605887
NA21689	0	1	24764	-340687	71174
NA21693	1	1	248146	-335859	-333976
NA21716	0	1	248979	-346342	-913412
NA21717	1	0	251167	-343621	-653503
NA21718	0	1	249207	-350691	-209308
NA21719	0	1	248262	-332628	188445
NA21722	0	0	24735	-338197	-665018
NA21723	1	1	246965	-353065	-195738
NA12344	0	1	248833	-34251	253583
NA12347	0	1	246112	-333705	-1492
NA12348	1	1	24653	-33694	425759
NA06986	0	0	248552	-335297	560622
NA06995	0	1	252277	-329326	-699059
NA06997	1	0	249096	-329822	302504
NA07037	1	0	250012	-340261	711764
NA07045	1	1	246386	-339961	-856643
NA07435	0	0	247755	-336663	-898973
NA07014	1	1	24367	-345813	-104297
NA07031	1	0	249464	-325205	77968
NA07051	0	1	245088	-332311	527236
NA19649	0	0	249508	-337886	-258754
NA19650	0	0	249359	-340155	184607
NA19669	1	1	248946	-337693	-264211
NA19670	0	1	250729	-3439	600008
NA19671	1	0	253465	-349185	199904
NA19675	1	1	248152	-348937	500545
NA19676	0	1	251897	-349692	-920173
NA19677	1	1	245529	-344752	374303
NA19651	1	0	247919	-341246	-519661
NA19652	0	0	249708	-335365	-241688
NA19653	1	0	248114	-334048	209916
NA19654	1	0	246108	-339964	-10865
NA19656	1	1	250611	-342947	4
NA19657	1	0	245787	-329083	-398197
NA19658	0	0	249476	-339339	-443123
NA19659	1	1	244745	-341543	-999349
NA19660	1	0	251847	-343318	-264218
NA19661	0	1	253341	-337918	-155008
NA19662	1	0	251641	-345702	-2
NA19678	1	1	250467	-341682	525519
NA19679	0	1	252544	-344907	-216916
NA19680	1	1	2463	-340335	-122666
NA19681	1	0	25107	-341192	-127679
NA19682	0	1	247825	-343936	-647038
NA19683	1	1	243771	-336709	340139
NA19684	1	1	255373	-345343	-663386
NA19685	0	1	249472	-346911	636999
NA19686	1	0	247444	-339485	-123289
NA19663	1	0	237718	-32252	-129414
NA19664	0	0	247256	-340569	972932
NA19665	1	0	247039	-335735	-9
NA19716	1	0	250151	-335956	159771
NA19718	1	0	248468	-345275	-852103
NA19719	1	0	248721	-343914	109561
NA19720	0	0	247306	-317146	-31273
NA19721	1	0	248232	-331817	-855241
NA19722	1	1	249905	-335931	-385098
NA19723	0	0	248204	-341857	0
NA19724	0	1	250046	-339897	-126513
NA19725	1	1	249574	-339135	733778
NA19726	0	1	252214	-343862	-888456
NA19727	0	0	251674	-3438	-201382
NA19746	1	1	250141	-342022	326533
NA19747	0	1	247979	-343622	-275931
NA19748	1	0	247271	-342361	-102586
NA19749	1	1	245309	-331513	-601283
NA19750	0	0	249203	-349499	-130787
NA19751	0	0	249183	-333524	1
NA19755	1	0	251903	-347807	-969029
NA19756	0	0	246241	-338427	-950005
NA19757	0	0	248839	-33528	-715796
NA19759	0	1	249984	-339178	170079
NA19760	1	0	243651	-341591	221861
NA19761	1	0	248975	-34932	-107361
NA19762	0	1	-232083	-784274	780663
NA19763	1	0	-232394	-781457	760285
NA19770	1	1	-23222	-781726	764579
NA19771	0	1	-232467	-736361	787297
NA19772	0	0	-231659	-842191	772569
NA19785	1	1	-235756	-763025	777145
NA19786	0	1	-235506	-81252	787015
NA19787	0	0	-239347	-74826	800541
NA19773	1	0	-233347	-812758	788497
NA19774	0	1	-232461	-784908	787637
NA19775	1	1	-231658	-816655	769341
NA19776	1	0	-231345	-762058	751243
NA19777	0	1	-236473	-722115	781269
NA19778	0	1	-230521	-757689	751884
NA19779	1	1	-233667	-748534	777241
NA19780	0	1	-234879	-722856	790671
NA19781	1	0	-234782	-769128	769083
NA19782	1	1	-232628	-762967	785523
NA19783	0	0	248131	-321664	333354
NA19784	0	1	231182	-328298	100611
NA19788	1	1	229938	-334516	820344
NA19789	0	1	228292	-324306	920673
NA19790	1	0	243064	-326189	7
NA19794	1	0	251668	-3398	-479809
NA19795	0	1	249088	-32582	-793345
NA19796	0	1	231808	-332439	808958
NA17962	1	0	246345	-340936	-534534
NA17965	0	1	247934	-337712	-955417
NA17966	1	1	249576	-332129	809088
NA17967	0	0	231705	-320125	708089
NA17968	1	0	228378	-316985	770746
NA17969	0	1	231781	-327386	790864
NA17970	1	1	230063	-322723	859024
NA17972	0	0	227977	-323644	904578
NA17974	0	1	249992	-34012	-205887
NA17975	0	1	247958	-327593	-546729
NA17976	0	0	231264	-336606	91466
NA17977	1	0	248908	-34109	662646
NA17978	1	1	249797	-336318	-872691
NA17979	0	1	22618	-319604	954003
NA17980	0	1	23568	-332621	773702
NA17981	1	1	226954	-322637	103098
NA17982	1	0	230982	-328643	905254
NA17983	0	0	247902	-336016	243278
NA17986	0	1	231955	-321758	933205
NA17987	1	0	250929	-339113	-466889
NA17988	1	0	23078	-335138	790731
NA17989	0	0	231034	-316589	948147
NA17990	1	0	229268	-321138	104108
NA17993	1	0	230169	-324474	973079
NA17995	1	1	229438	-321316	983116
NA17996	1	1	233531	-32762	90694
NA17997	0	0	22909	-326384	833581
NA17998	1	0	247218	-342444	-491447
NA17999	0	0	248112	-340389	-228569
NA18101	1	1	233058	-33572	877663
NA18102	0	1	228735	-324666	811924
NA18104	0	1	231009	-343274	858492
NA18105	1	0	226768	-327934	101302
NA18106	0	0	229522	-317528	922139
NA18107	1	0	231896	-333462	827019
NA18108	1	1	228919	-327773	882428
NA18109	1	0	247233	-335435	-227502
NA18112	1	1	234264	-332366	973764
NA18113	0	1	248589	-332168	-2
NA18114	0	0	25319	-347422	159061
NA18116	1	1	23316	-325006	910187
NA18117	0	1	231007	-324799	824738
NA18118	1	0	248571	-346125	-170325
NA18119	1	0	252254	-334574	797812
NA18120	0	0	252999	-345178	128537
NA18122	0	0	247141	-326781	161166
NA18123	1	1	246987	-330428	-382146
NA18124	0	0	248627	-333349	-6
NA18125	0	0	235013	-340138	10792
NA18126	1	0	232641	-334365	937056
NA18127	0	0	234785	-314109	104163
NA18128	1	0	230817	-314175	786747
NA18129	1	0	249362	-330685	-464945
NA18131	1	1	228569	-324986	101001
NA18132	0	1	229167	-328685	771119
NA18133	0	1	251793	-331299	178801
NA18134	1	1	233973	-33531	814986
NA18135	1	0	229938	-322902	692033
NA18136	0	0	236812	-330586	666707
NA18138	0	0	230163	-332641	852378
NA18139	1	0	229616	-320043	947992
NA18140	1	0	230071	-321547	815937
NA18141	0	1	232977	-326924	102519
NA18143	0	0	233693	-328447	752155
NA18144	1	1	231594	-327484	101085
NA18145	0	0	232239	-319796	898679
NA18146	1	1	231827	-334383	826964
NA18147	0	1	230465	-31523	841387
NA18148	1	0	234476	-325292	786104
NA18149	0	1	226179	-327632	102458
NA18150	1	1	250636	-336761	141267
NA18151	1	0	232004	-327132	893802
NA18152	0	0	232558	-336599	840438
NA18153	1	0	230261	-3397	887718
NA18154	1	1	232354	-33949	899052
NA18155	0	0	230454	-332794	84619
NA18156	0	0	249376	-332389	-3
NA18157	1	0	224106	-331917	841241
NA18158	0	0	246034	-343403	-47511
NA18159	1	0	226254	-325514	764675
NA18160	0	0	246285	-340232	886523
NA18161	1	1	230456	-326875	857503
NA18162	1	1	247298	-342367	983835
NA18164	1	0	224667	-309257	104864
NA18166	0	1	230558	-32861	103041
NA18524	0	0	249443	-343373	-695314
NA18525	1	1	248417	-348751	-9
NA18526	1	0	246475	-319624	24953
NA18527	1	0	245867	-321651	-255713
NA18528	1	0	247102	-317212	911358
NA18529	1	1	248106	-34182	-443276
NA18531	1	0	247605	-336856	-120741
NA18532	1	0	245577	-334477	-180217
NA18533	1	1	247422	-34551	-156006
NA18534	0	0	250501	-339437	365477
NA18536	0	0	24811	-343491	-454505
NA18537	1	1	245289	-344639	3
NA18538	1	0	24831	-337942	-150174
NA18539	1	0	252889	-339895	-138461
NA18541	1	1	246878	-332882	-95986
NA18542	1	1	246435	-34387	-157588
NA18543	0	1	248122	-335787	-988503
NA18544	0	1	252089	-338044	898663
NA18545	1	0	249597	-340727	-483787
NA18546	0	1	24947	-34442	116464
NA18548	0	0	248406	-344827	-179888
NA18550	1	1	245975	-340296	-224176
NA18552	1	0	248855	-350857	-111376
NA18553	1	0	247986	-327491	-352503
NA18555	1	1	250604	-340881	3
NA18557	0	1	247805	-320798	-71858
NA18558	0	0	250118	-337811	13629
NA18559	0	0	24905	-332273	-490923
NA18560	1	0	248745	-339595	-396544
NA18561	0	1	245133	-328777	112155
NA18562	0	0	244821	-341352	237793
NA18563	0	1	245918	-329298	694044
NA18564	1	0	246995	-332091	-396671
NA18566	1	0	247289	-341362	-638348
NA18567	1	1	233826	-331576	87009
NA18568	1	0	248751	-334786	-1
NA18569	1	1	246807	-343168	6
NA18570	1	0	247786	-333343	-3
NA18571	1	0	245142	-332464	-305619
NA18572	0	0	246364	-337227	-511506
NA18573	1	0	250667	-333628	16479
NA18576	1	0	245464	-321802	-323059
NA18577	1	1	24721	-333071	850378
NA18579	1	1	249729	-331813	663643
NA18580	1	1	251048	-339893	-299616
NA18582	1	1	248185	-321715	353128
NA18583	1	1	245526	-33304	-584689
NA18591	1	0	245069	-327626	247977
NA18592	1	0	246439	-336223	-108127
NA18593	1	0	248271	-330514	-570938
NA18594	1	1	249532	-335921	-16904
NA18595	1	1	247013	-338182	-584377
NA18596	1	0	248838	-345321	-148906
NA18597	1	1	248397	-33271	-126241
NA18599	1	1	246822	-336898	-103094
NA18602	1	0	25011	-338678	-459051
NA18603	0	0	250589	-34208	125405
NA18605	0	1	248973	-3428	342829
NA18608	0	0	247952	-338595	-126229
NA18609	0	0	249769	-344288	-968963
NA18610	1	0	251414	-344413	-415217
NA18611	0	0	246321	-331085	-148214
NA18612	0	0	244261	-33907	-448052
NA18613	0	1	249788	-331883	-529867
NA18614	1	0	247501	-342745	843222
NA18615	1	1	242064	-336438	-437179
NA18616	1	1	2497	-338658	-124249
NA18617	1	0	244944	-330145	219536
NA18618	1	0	-23678	-788685	775918
NA18619	1	1	-234347	-73763	782369
NA18620	0	0	-234293	-805287	772314
NA18621	0	1	-230966	-758829	784778
NA18622	0	1	-23563	-784876	801029
NA18623	0	0	-238126	-766736	786964
NA18624	0	0	-237134	-776932	795797
NA18626	1	0	-236522	-785934	773877
NA18627	1	0	-235649	-743841	780283
NA18628	1	1	-235198	-78151	789672
NA18629	0	0	-233407	-799001	779352
NA18630	1	1	-23066	-747682	780681
NA18631	1	1	-233885	-795927	784771
NA18632	0	1	-234013	-705016	787213
NA18633	0	0	248847	-332566	149897
NA18634	1	1	226975	-323495	103054
NA18635	0	0	22676	-330737	920005
NA18636	0	1	23476	-326392	875524
NA18637	0	1	231724	-323223	116921
NA18638	0	0	228424	-325413	97368
NA18639	0	1	245997	-332782	223196
NA18640	1	0	227541	-320947	100103
NA18641	1	1	227026	-325538	102397
NA18642	1	1	23001	-320018	675661
NA18643	0	1	228973	-330876	813292
NA18644	1	1	228738	-331451	101171
NA18645	0	0	232173	-324329	88327
NA18647	0	1	233667	-327587	970857
NA18648	0	0	247752	-333123	192806
NA18649	1	0	229253	-32478	103949
NA18669	0	1	227933	-327565	101738
NA18670	1	1	246127	-328177	247955
NA18671	1	1	230298	-321944	908834
NA18674	0	1	225746	-326678	914476
NA18675	0	0	231505	-327364	950252
NA18679	0	1	245783	-33422	162455
NA18682	0	1	230457	-326625	849662
NA18683	1	0	22771	-32287	115345
NA18684	1	1	231142	-32607	899913
NA18685	0	0	243025	-3276	172968
NA18686	1	1	232697	-326018	107774
NA18689	0	0	229003	-329633	831381
NA18690	1	1	249673	-331493	243081
NA18692	1	0	233189	-324406	965535
NA18694	1	1	231301	-328993	106973
NA18695	1	0	229878	-321974	962993
NA18696	1	0	23241	-318618	957407
NA18697	1	1	232345	-328688	102701
NA18699	1	1	230412	-327875	10724
NA18701	0	1	231356	-335683	105245
NA18702	1	0	228617	-320441	11043
NA18704	1	0	246524	-33417	225095
NA18706	0	1	22985	-323402	921586
NA18708	0	0	233177	-321049	895385
NA18739	1	0	230551	-320513	101766
NA18740	0	1	228082	-316402	789549
NA18741	1	0	231329	-324082	89958
NA18742	1	1	229703	-325869	938111
NA18743	1	1	231357	-315838	944043
NA18745	0	0	225347	-330316	991753
NA18747	0	1	227939	-325967	100883
NA18748	0	1	227212	-332773	104927
NA18749	0	0	247508	-335716	240828
NA18750	1	1	24621	-332515	115997
NA18751	1	0	24684	-339166	181172
NA18752	1	1	248212	-328436	124417
NA18755	1	0	230082	-321933	919685
NA18757	0	0	244697	-333535	174811
NA18758	1	0	2277	-323015	975063
NA18759	1	1	230894	-332736	955348
NA18760	1	1	22966	-326834	887932
NA18761	0	0	230063	-317407	847881
NA18762	1	1	231448	-327871	109212
NA18763	1	1	228725	-328605	102784
NA18765	0	0	252013	-333069	285727
NA18769	0	0	230952	-32024	887504
NA18771	1	1	230512	-326021	102701
NA18772	0	1	231265	-329541	101643
NA18773	0	1	244373	-32934	253391
NA18774	1	1	-363151	-519829	-108598
NA18777	1	1	-352905	-503041	-124508
NA18778	1	1	-348225	-392647	-142397
NA18779	1	0	-362224	-551481	-844165
NA18780	1	0	-354869	-431994	-112037
NA18783	0	0	-360104	-515444	-108113
NA18784	1	1	-352944	-427533	-111247
NA18785	1	0	-330658	-595531	80203
NA18787	0	1	-346545	-410831	-128697
NA18790	1	0	-354007	-466935	-129369
NA18792	1	0	-347123	-420653	-121026
NA18794	0	1	-35442	-445055	-113391
NA18795	1	0	-357751	-454263	-1137
NA18798	0	0	-352181	-454341	-143339
NA18939	1	1	-361691	-481387	-113667
NA18940	0	1	-352962	-495356	-133115
NA18942	1	0	-350892	-505169	-113798
NA18943	0	0	-351766	-485653	-163739
NA18944	0	1	-339927	-625896	115135
NA18945	0	0	-356145	-552132	-141267
NA18946	1	0	-353383	-499229	-138066
NA18947	1	1	228782	-324785	860257
NA18948	0	0	230836	-332188	103732
NA18949	1	0	227496	-315819	925591
NA18950	1	0	230965	-32	104319
NA18951	1	0	2293	-325625	104776
NA18952	0	0	230522	-319625	112326
NA18953	0	1	230432	-324041	100402
NA18954	1	0	227206	-327448	111628
NA18955	0	0	22968	-327054	829458
NA18956	1	0	229244	-329424	114116
NA18957	1	1	22796	-321411	919587
NA18959	0	1	228148	-328838	105789
NA18960	0	1	230266	-33265	95809
NA18961	0	1	234974	-326927	900405
NA18962	0	0	229182	-324464	874713
NA18963	1	1	226702	-322309	109276
NA18964	1	0	233006	-327805	860279
NA18965	0	0	234394	-32178	995674
NA18966	0	1	235059	-319028	780145
NA18967	0	1	230064	-328385	976603
NA18968	1	1	229914	-324272	992933
NA18969	1	0	22549	-329922	865839
NA18970	0	1	24529	-33864	16227
NA18971	0	0	249376	-327954	18574
NA18972	1	0	226993	-321378	100497
NA18973	1	1	22843	-326645	733637
NA18974	0	1	229849	-321739	911273
NA18975	1	1	229541	-327726	973055
NA18976	1	1	232753	-329388	968418
NA18977	0	1	231571	-324668	848853
NA18978	1	0	245883	-325923	297497
NA18979	1	1	248125	-331678	251662
NA18980	1	1	248339	-333854	155137
NA18981	1	0	-230491	-804668	772692
NA18982	0	1	-230431	-781585	777124
NA18983	0	1	-234286	-74577	772314
NA18985	0	1	-236802	-748785	795158
NA18987	1	0	-234118	-704201	770341
NA18988	0	0	-233656	-764139	774255
NA18989	0	0	-229288	-792891	774931
NA18990	0	0	-235009	-735449	772116
NA18991	1	1	-237318	-756517	794576
NA18993	1	1	-234195	-789339	784739
NA18994	0	0	-232782	-718103	758079
NA18995	0	1	-234343	-79278	78818
NA18997	1	0	-235941	-789568	773052
NA18998	1	0	-234734	-735274	776616
NA18999	1	1	-233627	-715287	781648
NA19000	0	0	-232403	-769668	785084
NA19001	1	0	-233913	-739409	790156
NA19002	1	1	-231082	-796448	765975
NA19004	0	1	-236404	-754493	786678
NA19005	0	0	-23191	-821594	775378
NA19006	0	1	-235544	-788752	808063
NA19007	0	1	-231506	-787735	767452
NA19009	0	0	-232831	-797576	794467
NA19010	1	0	-229677	-7728	764851
NA19011	1	1	-23578	-737449	782763
NA19017	1	0	-232162	-791499	771105
NA19019	1	1	-233756	-719477	763732
NA19022	1	1	-233559	-799248	778787
NA19023	1	0	-235834	-76541	793275
NA19024	1	1	-234999	-713575	786172
NA19025	0	0	-228437	-755755	76283
NA19026	0	1	-230513	-724709	757297
NA19027	0	1	-233011	-818588	789514
NA19028	0	0	-234945	-784835	784928
NA19030	1	0	-23251	-70775	786971
NA19031	0	1	-232593	-758866	768533
NA19035	0	1	-230667	-826163	784098
NA19036	1	0	-234751	-704228	786733
NA19037	1	1	-236079	-76184	799271
NA19038	1	0	-230729	-799388	774336
NA19039	1	0	-237129	-769571	796291
NA19041	0	0	-232514	-796542	769104
NA19043	0	0	-232159	-771418	753654
NA19044	0	1	-350414	-459594	-13386
NA19045	0	0	-356292	-440785	-120367
NA19046	0	1	-355264	-453132	-970793
NA19054	1	1	-36081	-554494	-107956
NA19055	0	0	-329447	-643824	978392
NA19056	0	1	-337828	-668476	123324
NA19057	1	1	-326462	-56263	101573
NA19058	0	1	-344622	-392623	-114615
NA19059	1	0	-349244	-439424	-129766
NA19060	0	0	-361271	-501274	-106116
NA19062	0	0	-357356	-474344	-116196
NA19063	0	0	-351891	-471016	-964505
NA19064	1	1	-349933	-463693	-122455
NA19065	1	0	-339125	-385589	-149945
NA19066	0	0	-354561	-497892	-108296
NA19067	0	0	-33841	-395687	-163463
NA19068	0	1	-352496	-453762	-963927
NA19070	0	1	-338013	-677623	108172
NA19072	0	1	-338303	-653202	105806
NA19074	1	1	-346753	-70635	147916
NA19075	0	0	-33845	-644437	13349
NA19076	0	1	-336334	-664938	130143
NA19077	1	1	-357829	-455325	-110775
NA19078	1	0	-343774	-702744	156689
NA19079	0	1	-341078	-696153	130981
NA19080	1	0	-33814	-71196	105124
NA19081	1	1	-343975	-651732	135617
NA19083	0	0	-35182	-467698	-140905
NA19084	1	0	-349638	-505793	-149869
NA19085	0	1	-337029	-647439	136414
NA19086	0	0	-35017	-726154	130957
NA19087	1	0	-343751	-623201	113855
NA19088	0	0	-353906	-462487	-114878
NA19089	0	0	-344451	-653109	140099
NA19090	1	1	-344113	-455172	-145942
NA19091	0	1	-331125	-601947	102643
NA19307	0	1	-32989	-671982	106742
NA19308	0	1	-335291	-667878	982093
NA19309	0	1	-353403	-739746	161951
NA19310	1	0	-335335	-619175	113802
NA19311	0	1	-33778	-677334	130268
NA19313	1	1	-351755	-72647	152119
NA19314	1	0	-353047	-471776	-115213
NA19315	1	1	-33976	-679092	110334
NA19316	1	1	-340949	-671761	118161
NA19317	0	1	-358243	-5113	-121853
NA19318	0	0	-343181	-66647	122329
NA19319	0	0	-341862	-685627	140088
NA19321	1	1	-35062	-703271	153446
NA19323	1	1	-350758	-497191	-121443
NA19324	1	1	-34366	-36279	-125108
NA19327	1	0	-34423	-697557	121357
NA19328	1	1	-339352	-646727	14338
NA19332	1	0	-341161	-709614	128255
NA19334	0	1	-357662	-447763	-129278
NA19346	0	1	-360967	-557709	-939556
NA19347	0	0	-351407	-517196	-114048
NA19350	0	0	-335884	-708304	123108
NA19352	0	0	-33245	-646349	122213
NA19359	0	1	-341664	-705053	149656
NA19360	0	1	-328549	-624867	969395
NA19371	0	0	-34314	-741097	152169
NA19372	0	1	-339998	-696021	133334
NA19373	0	0	-33984	-672047	148024
NA19374	0	1	-343586	-424822	-129741
NA19375	0	0	-33696	-675191	108432
NA19376	0	1	-335956	-687227	110859
NA19377	1	0	-342045	-725542	15083
NA19378	1	1	-345274	-65833	15412
NA19379	1	0	-337017	-648904	105718
NA19380	0	1	-340886	-708486	121825
NA19381	1	1	-343897	-701334	151898
NA19382	0	0	-33613	-651892	113259
NA19383	0	0	-351561	-443003	-106126
NA19384	0	1	-336288	-679187	12753
NA19385	0	1	-344359	-753915	117846
NA19390	1	0	-343589	-661363	133872
NA19391	1	1	-350062	-758309	159547
NA19392	1	0	-332215	-619799	106421
NA19393	0	1	-332788	-634863	128237
NA19394	0	0	-33179	-650892	121542
NA19396	1	0	-351099	-456126	-136546
NA19397	0	1	-34026	-670134	929249
NA19398	1	0	-35313	-477623	-125133
NA19399	1	0	-330889	-612819	111825
NA19402	1	1	-331646	-592565	117799
NA19403	1	0	-337593	-633444	13381
NA19404	1	1	-334158	-629035	119861
NA19428	0	0	-343981	-475589	-131542
NA19429	0	0	24671	-338079	221698
NA19430	0	1	245011	-32729	353863
NA19431	1	1	2471	-333975	153319
NA19432	1	1	245252	-329114	157093
NA19434	1	0	249587	-331391	180917
NA19435	1	1	251945	-327644	149827
NA19436	1	1	249946	-334471	137566
NA19437	1	1	247392	-326563	257214
NA19438	1	1	249066	-330062	126219
NA19439	1	1	245774	-331158	165123
NA19440	1	0	247776	-33067	148131
NA19441	1	0	249994	-33314	153784
NA19443	0	1	246835	-333781	203797
NA19444	0	0	247411	-326935	286645
NA19445	1	1	247576	-33526	131863
NA19446	1	0	-10809	-455056	488221
NA19448	0	0	844537	185151	-569748
NA19449	1	1	772844	16879	-301241
NA19451	0	1	826903	171694	-178527
NA19452	0	1	936439	525541	647037
NA19454	0	1	922428	142802	-156817
NA19455	0	0	993998	84775	443785
NA19456	1	0	939624	775158	383818
NA19457	1	1	739908	181173	-218746
NA19462	1	0	100466	162344	-531753
NA19463	1	0	944625	908945	558859
NA19466	0	1	-174586	-133668	602516
NA19467	1	1	-181246	-301371	642777
NA19468	1	1	-186126	-235826	620335
NA19469	1	1	-184844	-208121	604228
NA19470	1	1	-194336	-425994	660963
NA19471	1	0	-150305	194606	518257
NA19472	1	0	10375	227288	766375
NA19473	1	0	943715	806436	413264
NA19474	1	0	820414	710834	749058
NA19475	1	1	869317	136616	-231261
NA19545	1	0	114052	43454	30486
NA19546	1	1	-142061	184503	514508
NA19548	1	1	-142011	223563	520502
NA19550	1	1	-151398	170959	522171
NA19556	0	1	-176779	-228454	58783
NA19557	0	0	-176238	-165705	587631
NA19558	0	1	-198213	-419992	638402
NA19559	0	1	-168328	-114557	581615
NA19562	1	0	-193835	-371177	653344
NA19563	1	0	-190524	-395943	639198
NA19564	1	0	-137754	295323	492757
NA19566	1	1	-192873	-390122	633042
NA19569	1	1	-199204	-395876	668713
NA19570	1	1	-965266	255979	448594
NA19573	1	0	-19077	-320112	619337
NA20502	1	0	133609	339118	159773
NA20504	1	0	150601	359128	110074
NA20505	1	0	131966	347368	160397
NA20506	1	1	152414	365909	103669
NA20508	1	1	133205	339299	150422
NA20509	0	0	131431	342971	148811
NA20510	0	0	134414	339402	137956
NA20512	0	1	136143	341239	158256
NA20515	0	1	136265	34075	154251
NA20516	0	1	140067	336815	159728
NA20517	1	1	13723	345032	140754
NA20518	0	1	134027	341501	163018
NA20519	0	0	132591	341634	144374
NA20520	0	0	134107	336054	141873
NA20521	0	0	131311	350859	143056
NA20522	1	1	134967	341032	142696
NA20524	0	1	136864	339575	15771
NA20525	0	0	13325	342944	149758
NA20527	0	1	135763	341254	160213
NA20528	0	1	135367	33442	163067
NA20529	1	1	12996	339803	164482
NA20530	1	1	135565	340955	132646
NA20531	1	1	135467	338292	149617
NA20534	0	0	133331	344651	156292
NA20535	1	1	13578	34581	154393
NA20538	0	1	129985	338949	139925
NA20539	0	1	13167	343032	155737
NA20540	1	0	135623	351855	157536
NA20541	1	0	133105	342269	169313
NA20542	1	1	135946	335667	144462
NA20543	0	1	13095	343787	148217
NA20544	0	1	134468	339287	145523
NA20581	0	1	133667	348864	131941
NA20582	1	1	133311	343957	158919
NA20586	0	0	131598	351804	139771
NA20587	1	1	14729	370438	116149
NA20588	0	1	133741	343136	151156
NA20589	1	0	13131	337428	162645
NA20752	0	0	1323	342617	142139
NA20753	1	1	132159	336314	126664
NA20754	0	1	13233	336767	14736
NA20755	0	0	132747	349577	172749
NA20756	1	0	132012	337382	155447
NA20757	1	1	130503	335728	150721
NA20758	0	1	132147	343356	139293
NA20759	0	0	134925	342918	137931
NA20760	1	1	136519	34167	146498
NA20761	1	0	135292	341152	154729
NA20762	0	0	143661	374089	121014
NA20763	0	0	151074	368507	123429
NA20764	1	1	14503	369791	109463
NA20765	0	0	131586	344898	154561
NA20766	1	1	143849	37154	125748
NA20767	0	0	146597	367251	112496
NA20768	1	0	148064	372695	131719
NA20769	1	1	133388	350564	142758
NA20770	0	1	134034	340045	151287
NA20771	1	1	132977	349562	154801
NA20772	1	1	132507	341638	151303
NA20773	1	1	136327	339489	155445
NA20774	1	0	133247	346271	151056
NA20775	1	0	133322	338144	14993
NA20778	0	1	135328	342807	164794
NA20780	0	0	142837	364852	125292
NA20783	0	1	13286	338356	152305
NA20785	0	1	135476	33698	15484
NA20786	1	1	133058	338967	168148
NA20787	0	0	126684	341976	155884
NA20790	1	0	132952	351282	153752
NA20791	0	1	149011	36814	126741
NA20792	0	1	13592	34092	162771
NA20795	1	0	130803	345886	141282
NA20796	0	0	132488	345066	142212
NA20797	1	1	130553	339422	136791
NA20799	1	1	134782	348296	163727
NA20800	1	0	133618	34877	144911
NA20801	0	0	13444	348412	145735
NA20802	1	0	132219	34222	16403
NA20803	0	0	134844	352613	161079
NA20804	1	0	131225	339507	138286
NA20805	0	1	134267	344697	155422
NA20806	0	0	133558	347388	164697
NA20807	1	1	135425	345653	140322
NA20808	1	1	134246	341138	151845
NA20809	0	0	134084	342273	142178
NA20810	0	1	13102	346239	154535
NA20811	0	0	128866	354745	16129
NA20812	0	1	138686	341086	155254
NA20813	1	1	134065	346329	159779
NA20815	0	1	131361	34493	132861
NA20816	0	1	136264	339291	181661
NA20817	0	0	14861	371851	118461
NA20818	1	1	138636	341618	136116
NA20819	1	0	139642	329648	14163
NA20820	0	0	146877	371017	120238
NA20821	1	1	144979	358323	121832
NA20822	1	1	145825	365371	124953
NA20826	1	0	132372	349923	140558
NA20827	0	0	147013	371067	124225
NA20828	1	1	13148	342141	159992
NA20831	0	1	150207	372437	100872
NA20832	1	1	145094	368829	13235
NA20845	0	1	151323	153416	124283
NA20846	0	1	154584	161831	138428
NA20847	1	1	151948	13459	121146
NA20849	1	1	152822	128404	131735
NA20850	0	0	158003	185493	125054
NA20851	1	1	151926	132752	134054
NA20852	0	0	154936	157586	124917
NA20853	1	1	156034	127388	117132
NA20854	1	1	153255	167108	121791
NA20856	1	1	150892	145729	118553
NA20858	0	1	153343	204971	134565
NA20859	1	0	153075	129565	114419
NA20861	0	1	154124	126995	121366
NA20862	1	0	158239	197522	121848
NA20863	0	0	15173	130441	118308
NA20866	0	1	150238	153772	125332
NA20867	0	0	154445	139677	124151
NA20869	1	1	153476	133059	115743
NA20870	0	1	151582	207463	130625
NA20871	0	1	152057	12367	131812
NA20872	1	1	151778	191275	136528
NA20873	0	1	152186	164945	130963
NA20874	1	0	149643	148513	121997
NA20875	1	0	155032	139026	14224
NA20876	1	1	152671	136584	119772
NA20877	1	0	151251	140548	117478
NA20879	1	1	157147	144733	127768
NA20881	1	0	149032	188958	117396
NA20882	1	0	153552	175928	11156
NA20883	0	0	153459	153915	120856
NA20884	0	0	150723	121766	108416
NA20885	0	0	156431	165873	129709
NA20887	0	1	152701	143444	115698
NA20888	1	0	156494	131395	12365
NA20889	0	1	154116	145574	133152
NA20890	0	1	149427	171072	133187
NA20891	0	1	15429	173141	117846
NA20892	1	1	153857	137139	117131
NA20894	1	1	150256	161922	115412
NA20895	0	1	157993	157665	112981
NA20896	1	1	158895	127065	123704
NA20897	0	0	153128	98229	10344
NA20898	0	1	151916	176679	10544
NA20899	1	0	154273	134679	134595
NA20900	1	1	156614	17494	111482
NA20901	0	0	153612	141632	110134
NA20902	1	0	153782	124205	129439
NA20903	0	0	152754	147923	124753
NA20904	0	0	156362	20069	131492
NA20905	0	1	154087	145204	112765
NA20906	1	0	150371	113283	967161
NA20907	1	0	152029	177237	12661
NA20908	1	0	150608	118676	101121
NA20909	0	1	154005	199039	135689
NA20910	1	1	150559	197458	119028
NA20911	0	1	154189	126825	126602
NA21086	1	0	155259	128333	117531
NA21087	0	0	155745	129463	121359
NA21088	1	1	155748	13601	11421
NA21089	1	1	151637	135705	12696
NA21090	0	0	147501	129161	121793
NA21091	0	1	150259	138811	122716
NA21092	0	1	155336	144236	117164
NA21093	0	0	153729	130129	114635
NA21094	0	0	151811	130872	944463
NA21095	0	0	155891	132998	115366
NA21097	1	1	151382	145274	128175
NA21098	0	1	154511	127499	124759
NA21099	0	0	154059	142599	121207
NA21100	0	1	153758	13286	142287
NA21101	1	0	155893	1287	126178
NA21102	1	0	151273	14061	128829
NA21103	1	0	151727	130258	117758
NA21104	0	0	154472	128464	125081
NA21105	0	1	155452	139376	113107
NA21106	1	1	150978	128865	127133
NA21107	0	0	149579	148096	12947
NA21108	1	0	150813	18718	136189
NA21109	0	0	150664	133136	123032
NA21111	0	0	15403	133619	112739
NA21112	0	0	154996	130789	114899
NA21113	0	1	152415	130434	113976
NA21114	0	1	151793	141716	117392
NA21115	0	0	152647	138647	121201
NA21116	0	0	156027	137946	12447
NA21117	0	1	153477	128569	131786
NA21118	0	1	152845	13475	110838
NA21119	0	0	150658	134306	125
NA21123	0	1	148946	134639	124565
NA21124	0	1	155435	13216	112541
NA21125	1	1	15685	133167	127787
NA21126	0	0	153454	135435	118646
NA21129	0	1	158064	122967	128402
NA21131	0	0	153822	138337	123696
NA21132	0	1	151163	129706	100743
NA21134	0	0	152768	138432	113787
NA21137	1	0	153128	141188	135279
NA21141	1	0	153275	135074	123065
NA21142	1	1	155784	130668	150929
NA21143	1	0	154302	127989	11273
NA21144	1	1	151096	126723	122945
NA21733	1	0	-231817	463484	-387864
NA21737	0	0	-225724	353928	-375006
NA21738	0	1	-242785	330489	-319664
NA21739	0	0	-26932	137379	-300425
NA21740	0	0	-237898	34771	-365055
NA21741	0	0	-231816	376678	-356162
NA21768	1	0	-290226	-160328	-217899
NA21769	1	1	-279769	382974	-172255
NA21770	1	0	-297797	-106828	-179721
NA21776	1	0	-293139	44685	-240032
NA21784	1	0	-233178	38245	-312421
NA21825	1	0	-226544	393709	-374314
NA21826	1	1	-302725	-594249	-197946
NA18484	1	1	-389937	-638213	898711
NA18486	0	0	-386579	-664877	978086
NA18488	1	0	-390562	-619186	655652
NA18485	0	0	-388494	-669831	124563
NA18487	0	1	-386188	-646701	1017
NA18489	1	1	-384325	-66418	109065
NA18497	0	1	-387171	-701994	103848
NA18498	0	1	-386685	-63517	113948
NA18499	1	1	-38852	-727749	949545
NA18500	0	1	-395558	-630991	996876
NA18501	0	0	-392401	-66742	943638
NA18503	0	0	-403395	-661477	118631
NA18504	0	1	-394621	-691777	963958
NA18505	1	1	-396708	-628186	116427
NA19107	0	1	-385862	-592105	11539
NA19108	1	0	-387501	-662546	101712
NA19109	1	0	-388682	-651026	976548
NA18867	1	1	-386124	-654139	102925
NA18868	0	1	-390765	-637649	129921
NA18869	0	0	-392223	-642798	122483
NA18506	0	1	-391887	-667347	103346
NA18507	0	1	-389959	-687558	113573
NA18508	1	1	-392575	-675366	993439
NA18509	0	1	-38169	-643435	693077
NA18510	0	0	-386289	-669876	10381
NA18511	1	0	-385911	-640042	83484
NA18858	1	1	-390921	-641326	110147
NA18859	0	1	-389672	-705819	499191
NA18860	0	0	-389935	-701927	787867
NA18515	0	1	-394927	-632619	885496
NA18516	0	0	-397633	-63271	898197
NA18517	1	1	-386749	-632134	736212
NA18518	1	0	-390727	-631422	110023
NA18519	0	0	-390722	-638405	951636
NA18520	1	0	-385671	-613287	118196
NA18521	0	1	-392673	-65133	100602
NA18522	0	1	-392221	-617279	919169
NA18523	1	1	-390724	-636843	108697
NA18870	1	0	-395662	-644351	109776
NA18871	0	0	-395695	-688703	111447
NA18872	0	1	-39504	-643135	119771
NA18852	1	1	-383359	-587675	515046
NA18853	0	0	-39481	-644253	887475
NA18854	0	0	-394934	-642056	68586
NA18873	1	1	-386817	-670135	10528
NA18874	0	1	-390022	-646319	978647
NA18875	1	0	-390282	-650195	950475
NA18876	1	0	-384339	-608878	409595
NA18877	0	0	-388289	-615177	447412
NA18878	1	1	-383621	-596712	465336
NA18879	0	1	-383635	-566962	51431
NA18881	1	0	-387377	-614675	447636
NA18855	1	1	-386161	-637612	204233
NA18857	0	1	-390675	-65289	563227
NA18861	1	0	-3858	-69267	10563
NA18862	0	0	-386598	-671363	443807
NA18863	0	0	-385926	-702533	77483
NA18907	1	0	-389828	-671244	107935
NA19252	0	0	-392404	-696512	703741
NA18909	1	1	-390369	-683477	106355
NA18910	0	0	-382686	-624354	121389
NA18911	0	1	-386692	-641893	131988
NA18912	1	1	-388825	-660989	107431
NA18913	0	0	-386637	-661945	34937
NA18914	0	1	-38864	-66561	743264
NA18915	0	1	-389938	-719694	414874
NA18916	1	1	-390067	-614046	970047
NA18917	0	0	-391113	-606652	528288
NA18930	1	1	-392214	-630255	792907
NA18921	1	0	-387168	-623683	398656
NA18923	0	1	-38677	-629063	587019
NA18924	1	0	-383047	-662891	372932
NA18925	0	1	-385411	-62779	543166
NA18931	1	1	-386785	-601513	597824
NA19197	1	0	-385849	-630417	68612
NA19198	0	1	-389592	-634133	550484
NA19199	1	1	-3884	-615544	616235
NA18933	1	0	-387697	-677972	518816
NA18934	0	1	-389931	-617637	577339
NA18935	0	1	-392043	-664094	598212
NA19178	0	0	-390264	-632192	809857
NA19179	1	0	-390841	-662274	417511
NA19180	1	0	-391873	-646153	823336
NA19184	0	1	-388312	-69246	106614
NA19185	1	0	-388828	-62243	521568
NA19186	0	0	-393471	-662329	723321
NA19093	1	1	-384363	-689208	111197
NA19094	1	1	-387922	-70097	7881
NA19095	1	0	-389292	-686235	430977
NA19096	0	1	-388014	-653232	515061
NA19097	1	0	-388493	-685982	51085
NA19101	0	1	-388255	-659323	339502
NA19102	1	0	-392872	-649466	10272
NA19103	0	1	-393078	-660531	707829
NA19137	1	1	-390013	-618061	107152
NA19138	0	1	-388607	-617108	118166
NA19139	0	1	-391705	-660592	112655
NA19175	0	0	-387297	-631865	406516
NA19176	1	1	-380302	-656483	640015
NA19200	0	1	-388553	-675773	120467
NA19201	1	0	-39446	-625169	101856
NA19202	1	0	-394022	-650179	111479
NA19171	0	1	-383744	-659884	892433
NA19172	1	1	-392623	-640892	110264
NA19173	0	1	-387997	-665573	997688
NA19203	0	0	-387822	-649999	288565
NA19204	1	1	-3862	-651454	845609
NA19166	1	0	-389489	-705311	745876
NA19209	1	0	-390281	-669275	116561
NA19210	0	1	-390186	-600745	114672
NA19211	0	0	-391694	-629158	113013
NA19206	1	1	-393441	-642629	944514
NA19207	0	1	-389516	-71221	108844
NA19208	0	1	-394486	-697016	106041
NA19181	0	1	-388597	-671171	673243
NA19182	1	1	-391324	-638644	604186
NA19183	1	0	-390892	-698032	687589
NA19163	1	0	-388053	-607381	439907
NA19156	0	0	-39256	-66023	577625
NA19157	1	1	-388326	-599721	522376
NA19159	1	1	-387925	-711502	920611
NA19160	0	1	-390751	-65657	11135
NA19161	0	0	-38864	-729078	976067
NA19224	0	1	-390938	-685129	942215
NA19225	1	0	-387868	-717819	106514
NA19226	0	0	-386469	-672086	761922
NA19221	1	1	-38956	-668122	378721
NA19222	1	0	-38755	-680782	382636
NA19223	0	1	-387774	-697329	299868
NA19220	0	1	-390252	-69041	533206
NA19116	1	1	-390635	-647035	118045
NA19119	0	1	-391897	-685517	951891
NA19120	0	0	-390034	-71373	107294
NA19121	0	0	-388369	-646386	616402
NA19122	1	0	-387356	-649642	443022
NA19123	0	0	-388636	-660381	601737
NA19253	0	0	-381266	-654947	343619
NA19254	1	0	-388694	-5947	838766
NA19216	1	1	-388946	-6644	586725
NA19140	1	1	-394873	-630264	59315
NA19141	0	0	-387983	-663387	107766
NA19142	0	0	-391061	-649633	998794
NA19152	1	1	-385994	-717264	114643
NA19153	0	1	-390653	-658015	131949
NA19154	0	1	-386432	-673215	127421
NA19149	1	0	-394129	-667264	702041
NA19150	0	0	-386704	-652557	582009
NA19151	1	0	-388151	-646789	654161
NA19143	1	1	-38988	-622689	927014
NA19144	0	1	-38746	-688719	109992
NA19146	0	0	-390833	-678504	665473
NA19147	1	1	-391472	-643331	105148
NA19148	1	1	-39253	-675946	869226
NA19124	0	0	-38404	-647641	353204
NA19127	1	0	-387452	-672116	710113
NA19128	0	1	-381773	-625348	718397
NA19129	1	0	-385875	-626199	105049
NA19110	0	0	-388256	-655394	359876
NA19113	0	1	-386518	-707949	991916
NA19114	1	0	-39062	-627547	102129
NA19115	1	1	-390192	-684483	106784
NA19104	0	0	-385388	-624456	962279
NA19105	1	1	-386847	-608958	428521
NA19256	0	0	-388375	-682026	930448
NA19257	1	0	-388485	-639395	805243
NA19258	0	0	-389554	-670411	879861
NA19117	0	1	-391648	-676545	610259
NA19118	1	1	-376388	-547445	416462
NA19174	0	0	-383684	-597731	544712
NA19130	0	1	-389248	-688531	110246
NA19131	1	1	-393184	-672772	100324
NA19132	1	0	-392034	-706177	114651
NA19133	1	0	-386608	-706759	621565
NA19135	1	0	-38207	-632441	567124
NA19098	0	0	-385815	-669578	103568
NA19099	1	1	-393354	-648121	933706
NA19195	0	0	-387212	-61459	31812
NA19196	1	0	-388149	-572163	488813
NA19259	0	1	-388307	-662709	461367
NA19260	1	1	-38239	-643828	481898
NA19213	0	1	-388232	-63608	858634
NA19214	1	1	-389054	-676559	434581
NA19215	1	0	-392811	-643052	656953
NA19189	0	1	-387804	-596404	9272
NA19190	1	1	-387634	-693345	105809
NA19191	0	0	-387211	-63603	109233
NA19192	0	1	-386307	-626965	676213
NA19193	1	0	-384749	-6564	426912
NA19194	0	1	-387173	-622324	505953
NA19187	0	1	-385035	-634083	457512
NA19250	1	1	-38499	-606915	564879
NA19262	0	1	-383249	-667156	504804
NA19235	1	1	-390106	-617448	981907
NA19236	0	1	-392863	-632689	116896
NA19237	1	1	-395661	-637008	115394
NA19238	1	1	-383481	-644968	203211
NA19239	0	0	-393154	-654951	456248
NA19240	1	1	-389942	-671177	265979
NA19242	0	1	-382712	-614729	503494
NA19246	0	0	-38121	-653993	472361
NA19247	1	0	-385017	-653896	100641
NA19248	0	0	-387508	-632828	117281
NA19249	0	0	-388525	-647791	136206
